38332521
64780714
84431841
103984701
116866836
129640637
141211445
151203612
161099234
170947294
179846633
188107038
195078444
201771268
208397892
214968794
221464772
227508943
233437757
239180470
244600850
249869217
254702939
259477778
264103248
268498543
272428608
276279176
279875256
282965672
285956879
288916252
291817124
294711081
297501217
299586504
301455020
303309324
304921460
306325514
307653816
308977275
310028786
311043951
311969700
312814577
313549709
314273102
314919551
315546181
316128839
